# Created by Octave 3.8.0, Sat Aug 18 15:28:50 2018 PDT <xutian@Xus-MacBook-Pro.local>
# name: v
# type: matrix
# rows: 10
# columns: 1
 3999
 3299
 3690
 2320
 5399
 2999
 3149
 1989
 2120
 2425


