# Created by Octave 3.8.0, Sun Apr 19 10:06:00 2020 PDT <xutian@xus-mbp-2.lan>
# name: v
# type: matrix
# rows: 10
# columns: 1
 3999
 3299
 3690
 2320
 5399
 2999
 3149
 1989
 2120
 2425


